три_сферы
1 0 0.2 7 0.8 192 192 192 0.2
1 -1.6 0.2 7 0.8 192 192 192 0.2
1 1.6 0.2 7 0.8 192 192 192 0.2

пол
1 0 -5001 0 5000 255 255 255 0.4

спереди
конусы_по_бокам
2 -3 0 5 0.15 255 255 255 0 -1.1 2 1
2 3 0 5 0.15 255 255 255 0 -1.1 2 1
конус_сверху
2 -2 2 5 0.15 255 255 255 0 -1 5 0
сферы_на_состыковке_конусов
1 -3 2 4.97 0.2 255 255 255 0
1 3 2 4.97 0.2 255 255 255 0

сзади
конусы_по_бокам
2 -3 0 10 0.15 255 255 255 0 -1.1 2 1
2 3 0 10 0.15 255 255 255 0 -1.1 2 1
конус_сверху
2 -2 2 10 0.15 255 255 255 0 -1 5 0
сферы_на_состыковке_конусов
1 -3 2 10 0.2 255 255 255 0
1 3 2 10 0.2 255 255 255 0

конусы_по_z
2 -3 2 5 0.15 255 255 255 0 0 5 2
2 3 2 5 0.15 255 255 255 0 0 5 2