0 0.2 7 1 192 192 192 0.4
-2 0.2 7 1 192 192 192 0.4
2 0.2 7 1 192 192 192 0.4

0 -5001 0 5000 255 255 255 0.2

-4 2 6 0.2 83 98 103 0
-4 1.8 6 0.2 83 98 103 0
-4 1.6 6 0.2 83 98 103 0
-4 1.4 6 0.2 83 98 103 0
-4 1.2 6 0.2 83 98 103 0
-4 1 6 0.2 83 98 103 0
-4 0.8 6 0.2 83 98 103 0
-4 0.6 6 0.2 83 98 103 0
-4 0.4 6 0.2 83 98 103 0
-4 0.2 6 0.2 83 98 103 0
-4 -0 6 0.2 83 98 103 0
-4 -0.2 6 0.2 83 98 103 0
-4 -0.4 6 0.2 83 98 103 0
-4 -0.6 6 0.2 83 98 103 0
-4 -0.8 6 0.2 83 98 103 0

4 2 6 0.2 83 98 103 0
4 1.8 6 0.2 83 98 103 0
4 1.6 6 0.2 83 98 103 0
4 1.4 6 0.2 83 98 103 0
4 1.2 6 0.2 83 98 103 0
4 1 6 0.2 83 98 103 0
4 0.8 6 0.2 83 98 103 0
4 0.6 6 0.2 83 98 103 0
4 0.4 6 0.2 83 98 103 0
4 0.2 6 0.2 83 98 103 0
4 -0 6 0.2 83 98 103 0
4 -0.2 6 0.2 83 98 103 0
4 -0.4 6 0.2 83 98 103 0
4 -0.6 6 0.2 83 98 103 0
4 -0.8 6 0.2 83 98 103 0

-4 2 6 0.2 83 98 103 0

-4.0 2.2 6 0.2 83 98 103 0
-3.8 2.2 6 0.2 83 98 103 0
-3.6 2.2 6 0.2 83 98 103 0
-3.4 2.2 6 0.2 83 98 103 0
-3.2 2.2 6 0.2 83 98 103 0
-3.0 2.2 6 0.2 83 98 103 0
-2.8 2.2 6 0.2 83 98 103 0
-2.6 2.2 6 0.2 83 98 103 0
-2.4 2.2 6 0.2 83 98 103 0
-2.2 2.2 6 0.2 83 98 103 0
-2.0 2.2 6 0.2 83 98 103 0
-1.8 2.2 6 0.2 83 98 103 0
-1.6 2.2 6 0.2 83 98 103 0
-1.4 2.2 6 0.2 83 98 103 0
-1.2 2.2 6 0.2 83 98 103 0
-1.0 2.2 6 0.2 83 98 103 0
-0.8 2.2 6 0.2 83 98 103 0
-0.6 2.2 6 0.2 83 98 103 0
-0.4 2.2 6 0.2 83 98 103 0
-0.2 2.2 6 0.2 83 98 103 0
0.0 2.2 6 0.2 83 98 103 0
0.2 2.2 6 0.2 83 98 103 0
0.4 2.2 6 0.2 83 98 103 0
0.6 2.2 6 0.2 83 98 103 0
0.8 2.2 6 0.2 83 98 103 0
1.0 2.2 6 0.2 83 98 103 0
1.2 2.2 6 0.2 83 98 103 0
1.4 2.2 6 0.2 83 98 103 0
1.6 2.2 6 0.2 83 98 103 0
1.8 2.2 6 0.2 83 98 103 0
2.0 2.2 6 0.2 83 98 103 0
2.2 2.2 6 0.2 83 98 103 0
2.4 2.2 6 0.2 83 98 103 0
2.6 2.2 6 0.2 83 98 103 0
2.8 2.2 6 0.2 83 98 103 0
3.0 2.2 6 0.2 83 98 103 0
3.2 2.2 6 0.2 83 98 103 0
3.4 2.2 6 0.2 83 98 103 0
3.6 2.2 6 0.2 83 98 103 0
3.8 2.2 6 0.2 83 98 103 0
4 2.2 6 0.2 83 98 103 0
