0 0.2 7 1 192 192 192
-2 0.2 7 1 192 192 192
2 0.2 7 1 192 192 192

0 -5001 0 5000 255 255 255


-4 2.9 6 0.1 0 0 0
-4.2 2.9 6 0.1 0 0 0
-4.2 2.7 6 0.1 0 0 0
-4 2.7 6 0.1 0 0 0
-4.1 2.8 6 0.1 0 0 0

-4 2.7 6 0.1 0 0 0
-4.2 2.7 6 0.1 0 0 0
-4.2 2.5 6 0.1 0 0 0
-4 2.5 6 0.1 0 0 0
-4.1 2.6 6 0.1 0 0 0

-4.1 2.8 6 0.1 0 0 0

-4 2.5 6 0.1 0 0 0
-4.2 2.5 6 0.1 0 0 0
-4.2 2.3 6 0.1 0 0 0
-4 2.3 6 0.1 0 0 0
-4.1 2.4 6 0.1 0 0 0

-4.1 2.6 6 0.1 0 0 0

-4 2.3 6 0.1 0 0 0
-4.2 2.3 6 0.1 0 0 0
-4.2 2.1 6 0.1 0 0 0
-4 2.1 6 0.1 0 0 0
-4.1 2.2 6 0.1 0 0 0

-4.1 2.4 6 0.1 0 0 0

-4 2.1 6 0.1 0 0 0
-4.2 2.1 6 0.1 0 0 0
-4.2 1.9 6 0.1 0 0 0
-4 1.9 6 0.1 0 0 0
-4.1 2 6 0.1 0 0 0

-4.1 2.2 6 0.1 0 0 0

-4 1.9 6 0.1 0 0 0
-4.2 1.9 6 0.1 0 0 0
-4.2 1.7 6 0.1 0 0 0
-4 1.7 6 0.1 0 0 0
-4.1 1.8 6 0.1 0 0 0

-4.1 2 6 0.1 0 0 0

-4 1.7 6 0.1 0 0 0
-4.2 1.7 6 0.1 0 0 0
-4.2 1.5 6 0.1 0 0 0
-4 1.5 6 0.1 0 0 0
-4.1 1.6 6 0.1 0 0 0

-4.1 1.8 6 0.1 0 0 0

-4 1.5 6 0.1 0 0 0
-4.2 1.5 6 0.1 0 0 0
-4.2 1.3 6 0.1 0 0 0
-4 1.3 6 0.1 0 0 0
-4.1 1.4 6 0.1 0 0 0

-4.1 1.6 6 0.1 0 0 0

-4 1.3 6 0.1 0 0 0
-4.2 1.3 6 0.1 0 0 0
-4.2 1.1 6 0.1 0 0 0
-4 1.1 6 0.1 0 0 0
-4.1 1.2 6 0.1 0 0 0

-4.1 1.4 6 0.1 0 0 0

-4 1.1 6 0.1 0 0 0
-4.2 1.1 6 0.1 0 0 0
-4.2 0.9 6 0.1 0 0 0
-4 0.9 6 0.1 0 0 0
-4.1 1 6 0.1 0 0 0

-4.1 1.2 6 0.1 0 0 0

-4 0.9 6 0.1 0 0 0
-4.2 0.9 6 0.1 0 0 0
-4.2 0.7 6 0.1 0 0 0
-4 0.7 6 0.1 0 0 0
-4.1 0.8 6 0.1 0 0 0

-4.1 1 6 0.1 0 0 0

-4 0.5 6 0.1 0 0 0
-4.2 0.5 6 0.1 0 0 0
-4.2 0.3 6 0.1 0 0 0
-4 0.3 6 0.1 0 0 0
-4.1 0.4 6 0.1 0 0 0

-4.1 0.6 6 0.1 0 0 0

-4 0.9 6 0.1 0 0 0
-4.2 0.9 6 0.1 0 0 0
-4.2 0.7 6 0.1 0 0 0
-4 0.7 6 0.1 0 0 0
-4.1 0.8 6 0.1 0 0 0

-4.1 0.2 6 0.1 0 0 0

-4 0.1 6 0.1 0 0 0
-4.2 0.1 6 0.1 0 0 0
-4.2 -0.1 6 0.1 0 0 0
-4 -0.1 6 0.1 0 0 0
-4.1 -0 6 0.1 0 0 0

-4.1 -0.2 6 0.1 0 0 0

-4 -0.5 6 0.1 0 0 0
-4.2 -0.5 6 0.1 0 0 0
-4.2 -0.3 6 0.1 0 0 0
-4 -0.3 6 0.1 0 0 0
-4.1 -0.4 6 0.1 0 0 0

-4.1 -0.6 6 0.1 0 0 0

-4 -0.9 6 0.1 0 0 0
-4.2 -0.9 6 0.1 0 0 0
-4.2 -0.7 6 0.1 0 0 0
-4 -0.7 6 0.1 0 0 0
-4.1 -0.8 6 0.1 0 0 0





4 2.9 6 0.1 0 0 0
4.2 2.9 6 0.1 0 0 0
4.2 2.7 6 0.1 0 0 0
4 2.7 6 0.1 0 0 0
4.1 2.8 6 0.1 0 0 0

4 2.7 6 0.1 0 0 0
4.2 2.7 6 0.1 0 0 0
4.2 2.5 6 0.1 0 0 0
4 2.5 6 0.1 0 0 0
4.1 2.6 6 0.1 0 0 0

4.1 2.8 6 0.1 0 0 0

4 2.5 6 0.1 0 0 0
4.2 2.5 6 0.1 0 0 0
4.2 2.3 6 0.1 0 0 0
4 2.3 6 0.1 0 0 0
4.1 2.4 6 0.1 0 0 0

4.1 2.6 6 0.1 0 0 0

4 2.3 6 0.1 0 0 0
4.2 2.3 6 0.1 0 0 0
4.2 2.1 6 0.1 0 0 0
4 2.1 6 0.1 0 0 0
4.1 2.2 6 0.1 0 0 0

4.1 2.4 6 0.1 0 0 0

4 2.1 6 0.1 0 0 0
4.2 2.1 6 0.1 0 0 0
4.2 1.9 6 0.1 0 0 0
4 1.9 6 0.1 0 0 0
4.1 2 6 0.1 0 0 0

4.1 2.2 6 0.1 0 0 0

4 1.9 6 0.1 0 0 0
4.2 1.9 6 0.1 0 0 0
4.2 1.7 6 0.1 0 0 0
4 1.7 6 0.1 0 0 0
4.1 1.8 6 0.1 0 0 0

4.1 2 6 0.1 0 0 0

4 1.7 6 0.1 0 0 0
4.2 1.7 6 0.1 0 0 0
4.2 1.5 6 0.1 0 0 0
4 1.5 6 0.1 0 0 0
4.1 1.6 6 0.1 0 0 0

4.1 1.8 6 0.1 0 0 0

4 1.5 6 0.1 0 0 0
4.2 1.5 6 0.1 0 0 0
4.2 1.3 6 0.1 0 0 0
4 1.3 6 0.1 0 0 0
4.1 1.4 6 0.1 0 0 0

4.1 1.6 6 0.1 0 0 0

4 1.3 6 0.1 0 0 0
4.2 1.3 6 0.1 0 0 0
4.2 1.1 6 0.1 0 0 0
4 1.1 6 0.1 0 0 0
4.1 1.2 6 0.1 0 0 0

4.1 1.4 6 0.1 0 0 0

4 1.1 6 0.1 0 0 0
4.2 1.1 6 0.1 0 0 0
4.2 0.9 6 0.1 0 0 0
4 0.9 6 0.1 0 0 0
4.1 1 6 0.1 0 0 0

4.1 1.2 6 0.1 0 0 0

4 0.9 6 0.1 0 0 0
4.2 0.9 6 0.1 0 0 0
4.2 0.7 6 0.1 0 0 0
4 0.7 6 0.1 0 0 0
4.1 0.8 6 0.1 0 0 0

4.1 1 6 0.1 0 0 0

4 0.5 6 0.1 0 0 0
4.2 0.5 6 0.1 0 0 0
4.2 0.3 6 0.1 0 0 0
4 0.3 6 0.1 0 0 0
4.1 0.4 6 0.1 0 0 0

4.1 0.6 6 0.1 0 0 0

4 0.9 6 0.1 0 0 0
4.2 0.9 6 0.1 0 0 0
4.2 0.7 6 0.1 0 0 0
4 0.7 6 0.1 0 0 0
4.1 0.8 6 0.1 0 0 0

4.1 0.2 6 0.1 0 0 0

4 0.1 6 0.1 0 0 0
4.2 0.1 6 0.1 0 0 0
4.2 -0.1 6 0.1 0 0 0
4 -0.1 6 0.1 0 0 0
4.1 -0 6 0.1 0 0 0

4.1 -0.2 6 0.1 0 0 0

4 -0.5 6 0.1 0 0 0
4.2 -0.5 6 0.1 0 0 0
4.2 -0.3 6 0.1 0 0 0
4 -0.3 6 0.1 0 0 0
4.1 -0.4 6 0.1 0 0 0

4.1 -0.6 6 0.1 0 0 0

4 -0.9 6 0.1 0 0 0
4.2 -0.9 6 0.1 0 0 0
4.2 -0.7 6 0.1 0 0 0
4 -0.7 6 0.1 0 0 0
4.1 -0.8 6 0.1 0 0 0